%
% plot_color_maps.m - collection of colormaps to be defined.
%

% color maps
% colormap - gray scale
gray_scale_map = [255 255 255
                  239 239 239
                  219 219 219
                  194 194 194
                  170 170 170
                  142 142 142
                  113 113 113
                   77  77  77] / 255;
